4294967294,0
4294967279,28
4294967279,26
4294967279,24
4294967279,22
4294967279,21
4294967279,20
4294967279,18
4294967279,16
4294967279,12
4294967279,11
4294967279,10
4294967279,9
4294967278,388
4294967278,202
4294967278,348
4294967278,0
4294967294,5
4294967279,202
4294967278,200
4294967278,132
4294967278,131
4294967278,130
4294967278,129
4294967278,128
4294967278,127
4294967278,126
4294967278,125
4294967278,124
4294967278,123
4294967278,122
4294967278,121
4294967278,120
4294967278,119
4294967278,118
4294967278,117
4294967278,116
4294967278,115
4294967278,114
4294967278,113
4294967278,112
4294967278,111
4294967278,109
4294967278,108
4294967278,107
4294967278,106
4294967278,105
4294967278,104
4294967278,103
4294967278,102
4294967278,101
4294967278,100
4294967278,99
4294967278,98
4294967278,97
4294967278,96
4294967278,95
4294967278,94
4294967278,93
4294967278,92
4294967278,91
4294967278,90
4294967278,89
4294967278,87
4294967278,85
4294967278,84
4294967278,83
4294967278,81
4294967278,80
4294967278,79
4294967278,78
4294967278,77
4294967278,76
4294967278,75
4294967278,74
4294967278,73
4294967278,72
4294967278,71
4294967278,70
4294967278,69
4294967278,68
4294967278,67
4294967278,66
4294967278,65
4294967278,64
4294967279,90
4294967279,77
4294967279,75
4294967279,71
4294967279,69
4294967279,66
4294967279,64
4294967279,61
4294967279,60
4294967279,55
4294967279,53
4294967279,51
4294967279,48
4294967279,46
4294967279,45
4294967279,43
4294967279,42
4294967279,40
4294967279,39
4294967279,31
4294967279,29
4294967279,27
4294967279,25
4294967279,19
4294967279,17
4294967279,15
4294967279,14
4294967279,13
4294967279,8
4294967279,7
4294967279,6
4294967279,5
4294967279,4
4294967279,201
4294967278,86
4294967278,391
4294967294,7
4294967279,562
4294967294,6
4294967278,198
4294967278,197
4294967278,196
4294967294,471
4294967294,68
4294967294,11
4294967294,50
4294967294,183
4294967294,176
4294967294,166
4294967294,384
4294967294,17
4294967294,67
4294967294,76
4294967294,43
4294967294,51
4294967294,52
4294967294,24
4294967294,411
4294967294,1
4294967294,25
4294967294,403
4294967294,26
4294967294,402
4294967294,1413
4294967279,83
4294967279,537
4294967278,82
4294967278,349
4294967279,196
4294967278,194
4294967278,193
4294967279,194
4294967278,192
4294967278,191
4294967278,190
4294967278,189
4294967278,188
4294967279,189
4294967278,187
4294967279,188
4294967278,186
4294967278,185
4294967278,184
4294967278,183
4294967278,182
4294967279,183
4294967278,181
4294967279,182
4294967278,180
4294967278,179
4294967278,178
4294967279,178
4294967279,176
4294967279,173
4294967279,167
4294967279,164
4294967279,163
4294967279,161
4294967279,151
4294967279,148
4294967279,146
4294967279,143
4294967279,141
4294967279,137
4294967279,23
4294967279,271
4294967279,285
4294967279,270
4294967279,266
4294967279,305
4294967279,262
4294967279,259
4294967279,258
4294967279,257
4294967279,256
4294967279,255
4294967279,321
4294967278,258
4294967278,379
4294967278,378
4294967278,275
4294967278,358
4294967278,385
4294967278,384
4294967278,255
4294967278,376
4294967278,254
4294967278,253
4294967278,250
4294967278,248
4294967278,246
4294967278,244
4294967278,242
4294967278,240
4294967278,238
4294967278,237
4294967278,236
4294967278,234
4294967278,232
0,5
4294967278,110
4294967278,231
4294967278,228
4294967294,22
75,7
4294967279,329
75,6
75,5
75,4
75,3
75,2
75,1
4294967294,973
72,4
72,3
72,2
72,1
71,4
71,3
71,2
71,1
70,6
70,5
70,4
70,3
70,2
70,1
4294967294,428
69,5
69,4
69,3
69,2
69,1
68,5
68,4
68,3
68,2
68,1
4294967294,1416
67,5
67,4
67,3
67,2
67,1
4294967279,328
4294967294,473
4294967278,394
4294967293,131
4294967293,130
4294967293,129
4294967293,128
4294967293,127
4294967293,126
4294967293,125
4294967293,124
4294967293,123
4294967293,122
4294967293,121
4294967293,120
4294967293,119
4294967293,118
4294967293,117
4294967293,116
4294967293,115
4294967293,114
4294967293,113
4294967293,112
4294967293,111
4294967293,110
4294967293,109
4294967293,108
4294967293,107
4294967293,106
4294967293,105
4294967293,104
4294967293,103
4294967293,102
4294967293,101
4294967293,100
4294967293,99
4294967293,98
4294967293,97
4294967293,96
4294967293,95
4294967293,94
4294967293,93
4294967293,92
4294967293,91
4294967293,90
4294967293,89
4294967293,88
4294967293,87
4294967293,86
4294967293,85
4294967293,84
